m	Vm
1	40196
2	10429
3	5135
4	3286
5	2311
6	1792
7	1455
8	1114
9	996
10	876
11	764
12	659
13	572
14	538
15	480
16	407
17	400
18	375
19	319
20	345
21	289
22	314
23	304
24	266
25	236
26	220
27	228
28	209
29	185
30	184
31	176
32	186
33	161
34	168
35	172
36	150
37	131
38	142
39	127
40	120
41	119
42	133
43	127
44	101
45	112
46	112
47	112
48	102
49	102
50	85
51	82
52	91
53	92
54	87
55	82
56	90
57	81
58	67
59	76
60	65
61	64
62	70
63	90
64	63
65	59
66	68
67	80
68	73
69	59
70	74
71	69
72	52
73	53
74	62
75	45
76	41
77	41
78	56
79	47
80	66
81	49
82	52
83	42
84	32
85	41
86	35
87	39
88	47
89	46
90	53
91	45
92	40
93	44
94	39
95	45
96	44
97	34
98	46
99	39
100	33
101	27
102	31
103	32
104	33
105	33
106	34
107	31
108	25
109	32
110	40
111	36
112	37
113	24
114	29
115	30
116	19
117	29
118	23
119	23
120	21
121	28
122	26
123	28
124	28
125	28
126	26
127	28
128	29
129	20
130	25
131	21
132	14
133	14
134	25
135	20
136	19
137	12
138	25
139	17
140	18
141	22
142	23
143	27
144	19
145	20
146	22
147	18
148	28
149	25
150	21
151	18
152	24
153	18
154	16
155	19
156	23
157	17
158	16
159	17
160	22
161	22
162	11
163	16
164	10
165	10
166	15
167	13
168	16
169	18
170	16
171	20
172	18
173	23
174	12
175	12
176	12
177	16
178	15
179	20
180	19
181	9
182	16
183	15
184	18
185	10
186	12
187	17
188	14
189	10
190	14
191	20
192	9
193	12
194	12
195	8
196	12
197	11
198	12
199	7
200	16
201	17
202	6
203	11
204	9
205	16
206	10
207	11
208	13
209	13
210	12
211	11
212	10
213	11
214	9
215	7
216	13
217	9
218	10
219	7
220	14
221	12
222	11
223	15
224	6
225	13
226	13
227	15
228	11
229	3
230	11
231	14
232	14
233	4
234	11
235	9
236	6
237	7
238	11
239	9
240	16
241	8
242	8
243	7
244	5
245	10
246	3
247	5
248	17
249	10
250	5
251	9
252	5
253	7
254	9
255	5
256	7
257	6
258	9
259	7
260	12
261	4
262	7
263	10
264	14
265	6
266	10
267	7
268	5
269	10
270	12
271	2
272	4
273	8
274	7
275	4
276	6
277	4
278	13
279	15
280	10
281	5
282	14
283	9
284	3
285	9
286	5
287	6
288	8
289	12
290	7
291	7
292	7
293	3
294	7
295	7
296	7
297	2
298	6
299	4
300	9
301	11
302	5
303	9
304	11
305	9
306	6
307	5
308	7
309	5
310	2
311	4
312	7
313	11
314	8
315	6
316	4
317	4
318	8
319	6
320	3
321	3
322	8
323	5
324	4
325	6
326	4
327	4
328	8
329	6
330	9
331	4
332	2
333	7
334	8
335	6
336	12
337	7
338	5
339	8
340	5
341	4
342	4
343	8
344	5
345	7
346	6
347	4
348	4
349	6
350	1
351	4
352	5
353	5
354	6
355	4
356	4
357	4
358	6
359	5
360	6
361	3
362	6
363	5
364	3
365	4
366	4
367	3
368	7
369	2
370	4
371	4
372	3
373	3
374	5
375	2
376	4
377	5
378	4
379	1
380	3
381	6
382	1
383	5
384	5
385	7
386	4
387	4
388	5
389	5
390	5
391	4
392	3
393	3
394	5
395	2
396	4
397	3
398	4
399	3
400	4
401	3
402	5
403	4
404	5
405	8
406	3
407	5
408	4
409	4
410	5
411	2
412	5
413	7
414	4
415	8
416	4
417	5
418	4
419	6
420	2
421	3
422	6
424	2
425	6
426	2
427	4
428	2
429	3
430	5
431	5
432	3
433	2
434	4
435	7
436	2
437	4
438	5
439	5
440	4
441	2
442	1
443	2
444	5
445	3
446	4
447	4
448	2
449	4
450	2
451	1
452	8
453	6
454	5
455	2
456	2
457	2
458	2
459	4
460	2
461	5
462	2
463	2
464	1
465	4
466	3
467	5
468	1
469	3
470	2
471	4
472	5
474	3
475	2
476	2
477	5
478	6
479	1
480	4
481	3
482	3
483	5
484	2
485	1
486	2
487	2
488	4
489	1
490	4
491	2
492	3
493	2
494	1
495	4
496	2
497	2
498	2
499	6
500	3
501	2
502	3
503	3
506	2
507	3
508	4
509	3
510	6
511	1
512	1
513	2
514	3
515	3
516	3
517	1
518	3
519	4
520	3
521	4
522	1
524	2
525	5
526	4
527	4
528	3
529	2
530	2
531	4
532	1
533	3
534	5
535	5
536	1
537	2
538	4
539	1
540	4
541	3
542	5
543	1
544	3
545	4
546	2
547	3
548	4
549	1
550	4
551	6
552	3
553	4
554	3
555	3
556	2
557	2
559	4
560	1
561	1
562	3
563	2
564	3
565	2
566	1
567	6
568	2
569	2
570	3
571	1
572	1
573	1
574	6
575	2
577	3
579	4
580	4
581	8
583	3
584	1
585	1
586	2
587	1
588	2
589	5
590	1
591	3
592	3
593	4
594	2
595	6
596	1
597	2
598	3
599	1
600	1
601	1
602	4
603	2
605	2
606	2
607	1
608	3
609	2
610	4
611	2
612	2
613	2
615	5
616	4
617	3
618	2
620	3
621	1
622	2
623	1
625	2
627	1
628	2
629	1
630	4
631	1
632	2
633	5
634	3
635	2
636	3
637	3
638	4
639	1
640	1
641	3
643	2
644	3
645	1
646	4
648	4
650	2
651	3
652	3
653	1
654	1
655	2
656	2
657	2
658	2
659	1
660	2
661	3
663	1
664	2
666	2
667	4
669	2
670	3
671	3
672	1
673	2
674	3
675	4
676	3
677	1
678	1
680	4
681	1
682	1
683	3
684	4
685	5
686	3
688	2
689	2
690	4
691	1
692	2
693	1
694	5
695	1
696	4
697	2
700	3
702	1
704	2
705	4
706	1
708	2
709	2
710	1
711	2
713	4
714	2
715	1
716	1
717	1
718	2
719	2
720	3
721	2
722	1
723	1
725	1
726	2
727	2
728	1
729	1
730	3
731	2
732	2
733	3
734	2
737	1
738	1
739	1
741	1
742	2
743	1
744	1
745	2
747	1
748	1
749	1
750	4
751	1
752	1
753	1
754	1
755	1
756	5
757	1
758	3
761	2
763	3
767	3
768	1
769	2
770	3
771	1
772	3
773	3
774	1
775	1
776	3
778	2
779	2
780	1
781	1
782	2
784	2
786	1
789	1
790	3
791	1
793	1
794	2
798	2
799	2
800	1
802	1
804	1
805	2
807	1
808	2
809	1
810	2
811	3
812	1
813	1
814	2
815	4
816	2
817	4
818	1
819	1
821	2
822	2
823	2
824	3
826	1
827	4
828	2
829	1
830	3
831	1
832	1
835	2
837	2
838	2
839	4
841	2
842	4
843	1
844	1
845	1
848	1
849	1
850	3
851	4
852	3
854	3
855	4
856	3
857	3
858	3
860	1
861	3
862	1
863	1
864	1
865	1
866	1
867	4
868	3
869	1
870	1
871	3
873	2
874	2
875	1
876	1
879	1
880	1
883	1
884	1
885	2
886	1
887	1
888	2
889	1
890	1
891	2
893	2
894	4
895	1
896	1
897	1
898	1
899	1
900	1
901	1
903	3
904	1
906	3
907	1
908	1
909	2
910	1
911	1
912	1
913	1
914	1
915	1
916	3
917	2
918	1
920	1
921	2
925	1
926	2
927	1
931	1
932	1
933	5
935	2
936	2
938	1
939	5
942	2
944	3
945	1
946	2
947	1
949	2
950	2
952	1
953	1
954	1
955	3
957	1
958	2
960	1
962	2
963	2
964	2
965	2
968	2
969	1
970	2
971	1
972	1
973	1
977	1
978	1
981	2
984	1
985	1
986	1
987	1
990	3
992	2
993	3
994	2
995	3
997	1
998	2
1003	1
1004	2
1007	1
1008	1
1011	1
1016	2
1017	1
1018	2
1019	1
1020	2
1021	1
1022	3
1023	1
1026	3
1028	1
1029	1
1031	2
1033	1
1037	2
1038	4
1039	3
1040	1
1042	1
1043	3
1045	1
1048	1
1049	2
1050	2
1051	1
1052	1
1053	1
1054	2
1055	1
1057	1
1058	1
1059	1
1062	1
1063	1
1068	1
1070	2
1073	2
1074	2
1075	1
1076	1
1077	1
1078	2
1080	2
1081	2
1082	2
1083	2
1085	1
1086	1
1088	1
1089	2
1090	1
1091	2
1092	1
1093	1
1094	1
1096	1
1097	1
1098	1
1099	1
1101	4
1103	2
1105	2
1106	1
1108	1
1109	1
1112	1
1114	1
1119	1
1120	5
1121	1
1124	1
1127	1
1132	4
1133	1
1134	2
1138	2
1140	2
1141	1
1142	1
1145	3
1146	1
1147	1
1149	1
1151	1
1152	1
1154	2
1155	1
1156	1
1157	1
1158	1
1160	2
1161	2
1162	3
1163	2
1164	1
1165	1
1168	1
1169	1
1170	3
1171	2
1175	1
1179	1
1181	1
1182	1
1183	1
1184	1
1185	1
1186	3
1187	1
1193	2
1196	2
1198	1
1200	1
1202	2
1208	1
1209	1
1210	1
1211	1
1213	1
1215	2
1216	1
1217	4
1220	1
1221	1
1223	1
1225	1
1229	1
1232	2
1233	1
1236	1
1238	3
1240	1
1241	1
1242	2
1244	1
1246	1
1247	1
1248	1
1249	1
1250	2
1252	1
1254	1
1256	1
1260	2
1261	2
1267	2
1269	1
1273	1
1274	1
1275	1
1276	1
1279	1
1282	1
1283	1
1286	1
1288	1
1294	2
1295	1
1298	1
1304	1
1305	3
1306	1
1307	1
1308	1
1309	1
1311	1
1312	1
1313	1
1315	2
1316	1
1317	1
1318	1
1321	1
1325	1
1326	3
1329	1
1332	1
1333	3
1334	1
1335	1
1339	1
1345	1
1348	3
1352	1
1353	1
1356	1
1361	2
1365	1
1366	1
1368	2
1369	1
1370	2
1375	1
1378	3
1379	1
1380	1
1381	1
1385	1
1392	1
1393	1
1394	2
1396	1
1400	1
1401	1
1402	1
1403	1
1404	1
1406	1
1410	4
1411	1
1415	1
1418	2
1423	2
1424	2
1425	1
1426	1
1429	1
1430	1
1432	1
1434	1
1435	1
1436	1
1437	1
1439	1
1442	1
1444	1
1445	1
1446	1
1447	2
1452	1
1453	1
1455	1
1456	1
1457	2
1458	1
1461	1
1463	1
1469	1
1474	1
1476	1
1479	1
1482	1
1483	2
1485	1
1486	1
1490	1
1491	1
1493	2
1496	1
1498	1
1499	1
1500	1
1503	1
1504	1
1506	1
1507	1
1508	1
1510	2
1512	1
1515	1
1516	1
1522	1
1523	2
1529	1
1530	1
1535	2
1536	1
1537	1
1538	1
1539	1
1543	1
1544	1
1547	1
1550	2
1551	2
1553	1
1559	1
1567	1
1570	1
1579	1
1582	2
1583	1
1585	1
1587	1
1592	1
1594	1
1595	1
1596	1
1597	1
1598	1
1600	1
1602	2
1604	1
1605	1
1612	1
1613	1
1616	2
1622	1
1624	1
1625	1
1627	2
1631	1
1636	1
1645	1
1646	1
1648	1
1654	1
1655	1
1656	2
1671	1
1681	2
1683	1
1684	1
1688	1
1692	1
1699	2
1702	1
1704	1
1705	1
1709	1
1715	1
1717	1
1718	2
1719	1
1721	1
1723	1
1724	1
1726	1
1728	1
1736	1
1737	1
1747	1
1748	1
1753	2
1755	1
1757	1
1758	2
1759	1
1760	2
1768	1
1772	1
1781	1
1793	1
1795	1
1798	1
1799	1
1802	1
1808	1
1810	1
1819	1
1820	1
1821	1
1823	1
1825	1
1828	1
1829	1
1834	1
1838	1
1841	2
1851	1
1852	1
1855	1
1860	1
1861	1
1867	1
1870	1
1872	1
1880	1
1883	1
1895	1
1897	2
1903	1
1907	1
1917	1
1921	1
1925	1
1926	1
1932	1
1933	1
1940	1
1947	1
1948	1
1951	1
1952	1
1963	2
1966	1
1967	1
1968	1
1970	1
1971	1
1975	1
1978	1
1998	1
2004	2
2013	1
2024	1
2027	1
2034	1
2043	1
2044	1
2045	1
2047	2
2057	1
2061	1
2065	1
2066	2
2067	1
2069	1
2072	1
2077	1
2083	1
2084	2
2087	1
2091	1
2094	1
2097	1
2101	1
2106	1
2109	1
2110	1
2111	2
2114	1
2118	1
2126	2
2127	1
2131	1
2138	1
2141	1
2142	1
2143	1
2150	1
2152	1
2154	2
2155	1
2158	1
2162	1
2163	1
2169	1
2186	1
2196	2
2198	1
2204	1
2206	1
2212	1
2214	1
2217	1
2222	1
2223	1
2228	1
2271	1
2277	1
2289	1
2301	1
2309	1
2312	2
2318	1
2322	1
2337	1
2339	1
2351	1
2354	1
2356	1
2357	1
2358	1
2359	2
2371	1
2372	1
2373	2
2376	1
2384	1
2393	1
2394	1
2397	1
2408	1
2409	1
2410	1
2416	1
2418	1
2424	1
2427	1
2433	1
2448	1
2451	1
2493	2
2520	1
2525	1
2544	1
2548	1
2552	1
2557	1
2562	1
2569	1
2570	1
2571	1
2573	1
2578	1
2584	1
2597	1
2608	1
2610	1
2620	1
2631	2
2632	1
2638	3
2650	1
2656	1
2661	1
2668	1
2676	1
2684	1
2706	1
2720	1
2723	1
2734	1
2747	1
2751	1
2791	1
2794	1
2799	1
2800	1
2811	1
2820	1
2828	1
2830	1
2843	1
2854	1
2866	1
2867	1
2873	1
2880	1
2890	1
2891	1
2892	2
2903	1
2904	1
2913	2
2924	1
2940	1
2959	1
2970	1
2971	1
2974	1
2976	1
2986	1
2989	1
2998	1
3003	1
3020	1
3025	1
3042	1
3054	1
3055	1
3061	1
3062	1
3067	1
3075	1
3080	1
3089	2
3091	1
3101	1
3107	1
3112	1
3129	1
3131	1
3163	1
3179	1
3181	1
3184	1
3187	1
3200	1
3213	1
3215	1
3219	1
3224	1
3227	1
3236	1
3237	1
3238	1
3258	1
3288	1
3294	1
3298	1
3299	1
3310	1
3325	2
3365	1
3369	1
3407	1
3410	1
3423	1
3427	1
3432	1
3434	1
3445	1
3450	1
3471	1
3477	1
3479	1
3485	1
3492	1
3504	1
3506	1
3512	1
3519	1
3520	1
3521	1
3538	1
3547	1
3567	1
3571	1
3580	1
3582	1
3591	1
3593	1
3603	1
3624	1
3631	1
3638	1
3649	1
3657	1
3671	1
3727	1
3729	1
3752	1
3756	1
3760	1
3770	2
3777	1
3788	1
3821	1
3822	1
3846	1
3913	1
3928	1
3953	1
3955	1
3980	2
3982	1
3990	1
4028	1
4031	1
4051	1
4059	1
4063	1
4103	1
4109	1
4122	1
4126	1
4150	1
4168	1
4178	1
4195	1
4201	1
4206	1
4227	1
4231	1
4283	1
4322	1
4326	1
4345	1
4368	1
4370	1
4374	1
4384	1
4401	1
4405	1
4409	1
4418	1
4421	1
4451	1
4454	1
4458	1
4461	1
4498	1
4516	1
4519	1
4521	1
4523	1
4531	1
4547	1
4549	1
4573	1
4579	1
4580	1
4603	1
4629	1
4636	1
4641	1
4651	1
4657	1
4675	1
4685	1
4693	1
4727	1
4737	1
4742	1
4783	1
4862	1
4883	1
4906	1
4914	1
4944	1
4995	1
5016	1
5025	1
5067	1
5092	1
5139	1
5145	2
5176	1
5184	1
5227	1
5229	1
5234	1
5255	1
5282	1
5349	1
5390	1
5493	1
5637	1
5668	1
5704	1
5749	1
5803	1
5853	1
5915	1
5928	1
5949	1
5973	1
5977	1
5978	1
5989	1
6007	1
6053	1
6090	1
6102	1
6144	1
6159	1
6176	1
6242	1
6288	1
6291	1
6299	1
6335	1
6378	1
6416	1
6419	1
6432	1
6570	1
6593	1
6637	1
6717	1
6779	1
6784	1
6819	1
6867	1
6914	1
6922	1
6944	1
6951	1
6957	1
6964	1
7015	1
7066	1
7091	1
7102	1
7121	1
7245	1
7270	1
7349	1
7360	1
7381	1
7451	1
7453	1
7578	1
7580	1
7595	1
7633	1
7707	1
7882	1
7886	1
7999	1
8064	1
8079	1
8101	1
8170	1
8172	1
8284	1
8504	1
8753	1
9270	1
9343	1
9389	1
9657	1
9816	1
10243	1
10263	1
10720	1
10876	1
11007	1
11022	1
11214	1
11235	1
11301	1
11395	1
11451	1
11601	1
11631	1
11715	1
11926	1
12087	1
12294	1
12711	1
12782	1
13471	1
13658	1
13673	1
13905	1
14025	1
14447	1
14499	1
14604	1
14676	1
14909	1
14924	1
14937	1
15036	1
15223	1
15486	1
16096	1
16327	1
16723	1
17595	1
17652	1
17743	1
17787	1
17816	1
17964	1
18019	1
18609	1
18824	1
18997	1
19578	1
19702	1
19736	1
20850	1
21135	1
21204	1
21403	1
21717	1
21869	1
22004	1
23103	1
23156	1
24916	1
25265	1
26284	1
26471	1
27149	1
27197	1
28350	1
28845	1
28922	1
30955	1
31192	1
34414	1
34884	1
35106	1
35153	1
35191	1
39247	1
40148	1
40227	1
41089	1
42340	1
44967	1
46453	1
46526	1
46650	1
50083	1
53459	1
61608	1
62931	1
69417	1
71681	1
71827	1
78481	1
78812	1
82673	1
83464	1
84152	1
87998	1
98834	1
99960	1
104599	1
129295	1
152257	1
162849	1
179819	1
196598	1
313933	1
336861	1
388235	1
425126	1
625291	1
