m	Vm
1	50329
2	14119
3	7110
4	4489
5	3284
6	2482
7	1960
8	1589
9	1350
10	1145
11	1048
12	898
13	747
14	715
15	605
16	594
17	562
18	479
19	474
20	434
21	423
22	334
23	389
24	342
25	342
26	325
27	300
28	284
29	236
30	267
31	257
32	217
33	208
34	212
35	221
36	213
37	197
38	178
39	167
40	158
41	155
42	166
43	165
44	136
45	136
46	143
47	133
48	124
49	120
50	120
51	108
52	122
53	106
54	100
55	108
56	116
57	92
58	92
59	105
60	103
61	76
62	71
63	79
64	89
65	93
66	66
67	83
68	79
69	73
70	65
71	79
72	91
73	67
74	72
75	58
76	74
77	66
78	71
79	72
80	61
81	57
82	65
83	49
84	51
85	56
86	56
87	59
88	55
89	52
90	45
91	50
92	56
93	48
94	39
95	50
96	50
97	42
98	46
99	45
100	46
101	44
102	30
103	50
104	40
105	46
106	38
107	40
108	39
109	37
110	32
111	34
112	32
113	29
114	37
115	37
116	35
117	28
118	32
119	30
120	23
121	38
122	30
123	33
124	29
125	25
126	36
127	25
128	34
129	37
130	24
131	24
132	19
133	26
134	29
135	26
136	32
137	27
138	26
139	25
140	29
141	32
142	18
143	22
144	29
145	28
146	27
147	28
148	31
149	21
150	19
151	30
152	21
153	15
154	24
155	20
156	21
157	19
158	22
159	20
160	21
161	20
162	18
163	19
164	17
165	19
166	21
167	15
168	10
169	23
170	23
171	18
172	19
173	24
174	16
175	20
176	13
177	24
178	23
179	19
180	15
181	24
182	16
183	15
184	11
185	14
186	13
187	15
188	19
189	14
190	18
191	28
192	14
193	11
194	19
195	17
196	11
197	16
198	11
199	17
200	15
201	18
202	15
203	10
204	18
205	19
206	14
207	13
208	12
209	11
210	21
211	15
212	16
213	16
214	12
215	16
216	13
217	10
218	9
219	16
220	10
221	15
222	18
223	15
224	11
225	8
226	12
227	8
228	5
229	13
230	9
231	8
232	15
233	9
234	7
235	16
236	11
237	7
238	14
239	12
240	19
241	11
242	10
243	9
244	10
245	13
246	12
247	8
248	9
249	7
250	8
251	7
252	12
253	11
254	9
255	9
256	8
257	16
258	12
259	14
260	16
261	5
262	17
263	6
264	7
265	11
266	11
267	8
268	8
269	10
270	12
271	9
272	7
273	9
274	8
275	12
276	9
277	6
278	6
279	10
280	10
281	8
282	12
283	4
284	6
285	8
286	10
287	14
288	5
289	4
290	7
291	10
292	5
293	4
294	11
295	6
296	9
297	12
298	9
299	5
300	8
301	7
302	8
303	5
304	10
305	6
306	6
307	9
308	4
309	6
310	9
311	7
312	2
313	6
314	5
315	7
316	9
317	5
318	9
319	9
320	4
321	6
322	10
323	7
324	10
325	5
326	9
327	5
328	4
329	4
330	7
331	7
332	6
333	4
334	8
335	6
336	8
337	6
338	6
339	4
340	7
341	8
342	7
343	5
344	8
345	6
346	6
347	5
348	9
349	4
350	6
351	5
352	7
353	8
354	7
355	8
356	8
357	8
358	2
359	4
360	5
361	2
362	6
363	6
364	6
365	8
366	9
367	17
368	5
369	4
370	5
371	4
372	11
373	5
374	7
375	6
376	3
377	5
378	5
379	10
380	4
381	4
382	4
383	3
384	6
385	6
386	9
387	3
388	5
389	3
390	1
391	5
392	6
393	3
394	6
395	4
396	5
397	7
398	8
399	6
400	7
401	4
402	6
403	5
404	3
405	2
406	6
407	3
408	8
409	7
410	3
411	6
413	7
414	6
415	4
416	9
417	5
418	5
419	6
420	9
421	5
422	5
423	5
424	3
425	8
426	8
427	8
428	6
429	2
430	4
431	7
432	2
433	4
434	5
435	3
436	4
437	4
438	4
439	11
440	4
441	2
442	1
443	5
444	4
445	2
446	4
447	5
448	3
449	4
450	5
451	3
452	3
454	3
455	3
456	6
457	1
458	4
459	3
460	2
461	4
462	3
463	3
464	6
465	6
466	4
467	4
468	3
469	3
470	3
472	4
473	1
474	6
475	5
476	5
477	3
478	2
479	2
481	1
482	4
483	3
484	2
485	3
486	5
487	1
488	4
489	7
490	4
491	4
492	6
493	4
494	2
495	4
496	4
497	4
498	4
499	2
500	3
501	4
502	4
503	5
504	6
505	3
506	1
507	4
508	3
509	5
510	1
511	10
512	5
513	2
514	2
515	1
516	6
517	3
518	5
519	3
520	4
521	2
522	3
523	3
524	3
525	4
526	3
528	1
529	3
530	2
531	2
532	3
533	2
534	4
535	1
536	4
537	4
538	1
539	3
540	4
541	1
542	2
543	4
544	1
545	1
546	3
547	2
548	2
549	6
550	3
551	3
552	3
553	4
555	2
556	6
557	1
558	1
559	2
560	3
561	5
562	2
563	3
564	5
565	5
566	2
567	3
568	1
569	6
570	3
571	4
573	3
574	4
575	5
576	1
577	2
578	8
579	3
580	3
581	6
582	1
583	6
584	2
585	2
587	3
588	3
591	2
592	2
593	5
594	5
595	2
596	3
597	3
598	3
599	6
600	1
601	3
602	4
603	2
604	2
605	5
606	2
607	1
608	5
609	2
610	1
611	2
612	3
613	5
614	2
615	1
616	2
617	4
618	4
619	3
620	2
621	5
622	4
623	1
624	1
625	2
626	5
627	5
628	2
629	3
630	1
631	3
632	3
633	5
634	3
635	3
636	3
637	4
638	1
639	1
640	3
641	1
642	2
643	2
644	1
645	3
646	1
647	4
648	2
649	1
650	3
651	7
652	2
653	4
654	2
656	1
657	2
658	2
659	1
660	1
662	3
664	2
667	1
668	3
669	4
670	4
671	1
672	4
673	2
674	1
675	5
676	4
677	3
678	2
679	1
680	4
681	1
682	2
683	3
684	3
685	1
686	4
687	2
689	3
690	1
691	1
693	1
694	2
695	2
696	7
698	3
699	5
700	6
701	1
703	1
705	3
706	3
707	2
708	3
709	4
710	2
712	1
713	2
714	1
715	5
716	2
717	2
718	2
719	1
720	1
722	5
723	2
724	4
725	1
728	1
729	4
730	2
731	3
732	5
733	3
734	1
736	2
737	1
738	2
739	3
740	3
742	1
743	2
744	1
745	2
747	3
748	2
749	1
750	1
751	5
752	2
755	1
756	1
757	2
758	4
760	1
761	4
762	3
763	1
764	3
765	3
766	2
767	6
769	1
770	2
771	2
772	2
773	1
774	2
775	1
776	2
777	3
778	7
779	3
780	3
781	2
782	3
783	2
784	3
785	1
786	1
787	1
790	3
791	2
792	3
795	1
797	1
798	3
799	2
801	2
802	1
803	1
804	1
805	4
807	2
808	1
809	1
810	2
811	3
812	3
813	1
814	1
816	1
817	3
820	1
821	2
822	2
823	3
824	1
825	2
826	2
828	1
829	3
830	4
833	2
834	1
835	3
837	5
838	4
843	1
844	1
845	1
846	1
847	1
850	6
851	1
852	1
853	1
854	1
856	3
857	2
858	2
859	1
860	1
861	2
862	5
863	3
864	4
865	2
866	2
867	1
868	1
869	1
870	1
872	1
874	1
876	2
877	2
880	1
881	4
882	1
884	1
885	1
886	1
888	1
890	2
892	2
893	2
894	2
896	4
899	1
900	1
901	3
902	2
903	1
904	1
905	1
906	2
907	2
908	1
909	2
910	2
911	1
912	1
913	1
914	2
915	1
916	1
917	1
919	1
920	1
922	1
924	1
927	3
928	3
929	4
930	2
931	2
932	1
934	1
935	1
936	1
937	3
938	2
939	2
940	1
942	2
943	1
946	1
947	1
948	1
949	2
950	2
951	5
952	1
953	2
957	1
958	3
959	2
960	1
962	2
963	2
965	3
966	1
967	1
968	1
971	1
972	1
974	2
975	2
976	3
977	3
978	1
979	2
980	2
983	1
984	1
985	2
986	3
987	3
989	1
990	1
992	1
995	1
996	1
997	1
998	1
1003	1
1004	2
1007	4
1008	1
1009	1
1010	1
1011	2
1014	2
1015	2
1016	1
1017	1
1019	2
1024	1
1025	2
1026	1
1028	2
1029	1
1030	1
1031	1
1032	2
1033	4
1034	3
1035	2
1036	3
1037	1
1038	1
1040	3
1041	2
1042	1
1046	4
1047	1
1048	1
1049	3
1052	1
1053	1
1054	2
1055	2
1056	1
1057	2
1060	1
1061	3
1062	3
1063	1
1064	1
1067	1
1068	2
1070	2
1071	1
1072	1
1074	2
1075	1
1076	1
1080	2
1084	1
1087	2
1088	1
1089	1
1090	1
1091	1
1092	1
1093	2
1094	2
1096	1
1097	2
1098	2
1099	1
1100	1
1101	2
1102	1
1105	2
1106	1
1107	1
1109	2
1111	1
1114	1
1115	1
1116	1
1117	1
1119	1
1120	1
1121	1
1125	1
1128	1
1129	3
1130	2
1131	3
1132	1
1133	1
1135	1
1137	1
1138	1
1139	1
1140	1
1142	2
1144	1
1146	1
1148	1
1149	1
1150	1
1156	3
1158	2
1159	2
1161	3
1165	1
1166	1
1168	1
1172	1
1174	1
1175	2
1176	3
1177	1
1178	3
1179	2
1180	1
1183	1
1184	1
1185	2
1186	2
1187	3
1189	1
1190	1
1191	1
1193	1
1194	1
1196	1
1197	1
1200	1
1202	1
1205	1
1209	1
1211	2
1212	2
1213	1
1218	2
1220	1
1222	1
1224	1
1225	2
1226	2
1229	2
1234	1
1235	1
1243	1
1246	2
1249	1
1250	1
1252	2
1253	1
1255	2
1256	2
1257	3
1263	1
1265	1
1267	1
1268	1
1272	1
1276	2
1282	1
1285	2
1287	1
1288	2
1289	1
1293	3
1294	2
1296	1
1298	1
1299	1
1302	1
1303	3
1304	1
1306	1
1308	2
1309	1
1314	1
1315	1
1316	2
1317	1
1318	1
1319	1
1321	2
1324	1
1325	2
1326	1
1327	1
1328	1
1330	2
1331	1
1335	1
1336	3
1337	2
1339	1
1347	1
1351	1
1355	1
1357	1
1358	1
1361	1
1362	1
1363	2
1364	1
1366	1
1368	1
1371	2
1374	2
1375	1
1382	1
1384	1
1385	1
1386	1
1387	1
1393	1
1395	2
1397	1
1401	1
1402	2
1405	1
1406	2
1407	1
1412	1
1416	1
1417	1
1419	1
1421	2
1424	1
1425	2
1426	1
1427	3
1428	3
1432	1
1434	1
1436	1
1438	2
1447	1
1450	1
1451	1
1454	1
1459	2
1461	1
1462	2
1465	1
1469	1
1471	1
1476	1
1477	2
1482	2
1489	1
1490	2
1492	1
1493	3
1496	1
1499	1
1501	1
1507	1
1508	1
1511	1
1512	2
1513	1
1519	1
1520	1
1524	1
1525	1
1528	1
1531	2
1534	1
1536	1
1539	1
1549	1
1551	1
1552	2
1557	1
1558	1
1560	2
1561	2
1568	1
1569	2
1572	1
1573	1
1575	1
1577	1
1578	2
1579	1
1584	2
1585	2
1589	2
1596	1
1605	2
1606	1
1607	1
1608	1
1614	1
1616	1
1617	1
1619	1
1621	1
1623	2
1627	2
1629	1
1631	1
1633	1
1634	1
1636	1
1637	1
1641	1
1648	1
1649	1
1650	1
1654	2
1655	1
1660	1
1663	1
1666	1
1669	1
1673	1
1674	1
1675	1
1676	2
1677	1
1680	1
1681	1
1684	1
1690	1
1692	1
1695	1
1698	2
1701	1
1703	1
1704	1
1707	1
1708	1
1712	1
1715	1
1719	2
1723	1
1724	1
1725	1
1732	1
1736	1
1743	1
1750	1
1751	1
1754	1
1755	1
1756	1
1758	1
1760	1
1762	1
1766	1
1768	2
1772	1
1779	1
1781	1
1788	1
1790	1
1793	1
1794	2
1795	1
1797	1
1801	1
1807	1
1808	1
1809	1
1814	2
1816	1
1817	1
1829	1
1833	1
1836	1
1837	1
1838	1
1839	1
1841	1
1843	1
1846	1
1849	1
1854	2
1855	1
1857	1
1865	1
1869	1
1872	2
1873	1
1875	1
1878	1
1880	1
1881	1
1896	1
1903	1
1904	1
1906	1
1907	1
1910	1
1917	1
1920	1
1921	1
1925	1
1928	2
1930	1
1931	1
1932	1
1935	1
1936	1
1938	1
1942	2
1943	1
1945	1
1947	1
1950	1
1955	1
1960	1
1962	1
1967	1
1968	2
1972	1
1976	1
1977	1
1978	1
1980	2
1983	1
1987	1
1997	1
2003	1
2007	1
2021	1
2023	1
2026	1
2029	3
2031	1
2033	1
2054	1
2055	1
2063	1
2068	1
2072	2
2074	2
2075	1
2076	1
2078	1
2093	1
2099	1
2101	1
2106	1
2107	1
2113	1
2118	1
2119	1
2122	1
2123	1
2132	2
2133	1
2135	1
2141	1
2142	1
2151	2
2156	1
2157	1
2162	1
2163	1
2167	1
2169	1
2173	1
2177	1
2187	1
2195	1
2198	1
2199	2
2201	1
2209	1
2210	1
2211	1
2241	1
2248	1
2253	1
2261	1
2272	1
2274	1
2275	1
2285	2
2291	1
2304	1
2306	1
2309	1
2313	1
2314	1
2315	1
2332	1
2338	1
2350	1
2354	1
2366	1
2377	1
2383	1
2388	1
2391	1
2398	1
2399	1
2401	1
2421	1
2422	2
2424	1
2438	1
2446	1
2448	1
2466	1
2477	1
2483	1
2508	1
2517	1
2519	2
2524	1
2534	2
2542	1
2550	1
2556	1
2583	1
2584	1
2585	1
2607	1
2608	1
2610	1
2622	1
2630	1
2632	1
2634	1
2645	1
2653	1
2657	1
2661	1
2678	1
2680	1
2694	1
2697	2
2724	1
2728	1
2733	1
2735	1
2753	1
2756	1
2786	1
2797	1
2811	1
2815	1
2816	1
2824	1
2840	1
2844	1
2847	1
2854	1
2859	1
2867	1
2872	1
2880	1
2885	1
2894	1
2900	1
2901	1
2902	1
2914	2
2917	1
2924	1
2931	1
2935	1
2937	1
2942	1
2959	1
2969	1
2974	1
2978	1
3012	1
3017	1
3020	1
3022	1
3034	1
3039	1
3044	1
3071	1
3076	1
3087	2
3094	1
3097	1
3098	1
3103	1
3123	1
3125	1
3128	1
3133	1
3135	1
3143	1
3145	1
3165	1
3172	1
3184	1
3194	1
3213	1
3215	1
3220	1
3228	1
3230	1
3252	1
3253	1
3255	1
3263	1
3266	2
3269	1
3279	2
3284	1
3320	1
3326	1
3335	1
3336	1
3361	1
3367	1
3385	1
3395	2
3424	1
3442	1
3490	1
3516	1
3519	1
3525	1
3527	1
3530	1
3554	1
3566	1
3576	1
3579	1
3581	1
3585	1
3602	1
3611	1
3613	1
3621	1
3628	1
3645	1
3653	1
3655	1
3657	1
3663	1
3668	1
3704	1
3716	1
3731	1
3748	1
3757	1
3783	1
3802	1
3803	1
3808	1
3824	1
3848	1
3860	1
3861	1
3868	1
3876	1
3884	1
3888	1
3890	1
3903	1
3907	1
3916	1
3939	1
3951	1
3969	1
4006	1
4032	1
4040	1
4084	1
4110	1
4159	1
4169	1
4171	1
4177	1
4204	1
4205	1
4220	1
4225	1
4228	2
4238	1
4244	1
4260	2
4268	1
4305	1
4330	1
4352	1
4377	1
4410	1
4419	1
4451	1
4452	1
4465	1
4473	1
4474	1
4478	1
4524	1
4546	1
4566	1
4584	1
4611	1
4633	1
4637	1
4638	1
4639	1
4641	1
4645	1
4723	1
4766	1
4777	1
4790	1
4794	1
4812	1
4814	1
4839	1
4859	1
4906	1
4930	1
4951	1
4969	1
4987	1
5111	1
5118	1
5131	1
5132	1
5141	1
5142	1
5158	1
5160	1
5164	1
5211	1
5229	1
5252	1
5253	1
5256	1
5327	1
5332	1
5411	1
5423	1
5445	1
5464	1
5471	1
5519	1
5527	1
5529	1
5567	1
5591	1
5643	1
5702	1
5722	1
5756	1
5826	1
5830	1
5882	1
5922	1
5933	1
5940	1
5951	1
5958	1
5984	1
6005	1
6058	1
6102	1
6125	1
6132	1
6145	1
6148	1
6222	1
6249	1
6286	1
6296	1
6331	1
6332	1
6341	1
6351	1
6367	1
6414	1
6420	1
6445	1
6451	1
6468	1
6476	1
6483	1
6496	1
6520	1
6522	1
6535	1
6559	1
6560	1
6674	1
6678	1
6709	1
6710	1
6729	1
6782	1
6849	1
6864	1
6938	1
7010	1
7012	1
7031	1
7069	1
7097	1
7220	1
7268	1
7273	1
7286	1
7350	1
7383	1
7488	1
7517	1
7529	1
7607	1
7638	1
7665	1
7743	1
7819	1
7856	1
7936	1
7955	1
7982	1
8038	1
8042	1
8067	1
8084	1
8099	1
8198	1
8203	1
8225	1
8310	1
8366	1
8416	1
8511	1
8542	1
8645	1
8669	1
8754	1
8882	1
8890	1
8972	1
8988	1
8994	1
9027	1
9057	1
9117	1
9208	1
9223	1
9494	1
9542	1
9699	1
9702	1
9817	1
9833	1
9959	1
10032	1
10073	1
10303	1
10335	1
10340	1
10365	1
10482	1
10532	1
10606	1
10645	1
10647	1
10718	1
10767	1
10978	1
11058	1
11208	1
11384	1
11906	1
11915	1
11973	1
12412	1
12447	1
12725	1
12831	1
12878	1
12913	1
12948	1
13033	1
13190	1
13259	1
13590	2
13632	1
14023	1
14072	1
14180	1
14772	1
14852	2
15041	1
15145	1
15355	1
15710	1
16062	1
16069	1
16125	1
16226	1
16506	1
16650	1
16714	1
17110	1
17147	1
17181	1
17310	1
17641	1
18717	1
19228	1
19378	1
19484	1
19618	1
19983	1
20762	1
20981	1
21791	1
22260	1
22375	1
22494	1
22586	1
22907	1
22978	1
23012	1
23065	1
23137	1
23286	1
23400	1
23494	1
23951	1
24417	1
25581	1
25881	1
26503	1
27780	1
28859	1
28979	1
29841	1
30671	1
31234	1
31362	1
32143	1
32249	1
32823	1
33465	1
34375	1
35241	1
35461	1
38399	1
39967	1
40531	1
43881	1
44435	1
44909	1
46049	1
48105	1
49971	1
50778	1
51124	1
51707	1
54453	1
54494	1
55683	1
62123	1
64781	1
67015	1
70631	1
73669	1
77707	1
78352	1
83151	1
94857	1
95792	1
95926	1
97949	1
103583	1
111834	1
126457	1
156653	1
156975	1
179871	1
187721	1
223399	1
281671	1
332536	1
403468	1
439352	1
507569	1
760450	1
