m	Vm
1	47930
2	12395
3	6193
4	3975
5	2793
6	2189
7	1747
8	1359
9	1139
10	993
11	927
12	758
13	785
14	639
15	578
16	528
17	455
18	444
19	395
20	358
21	389
22	365
23	340
24	304
25	309
26	270
27	276
28	237
29	253
30	246
31	209
32	196
33	181
34	194
35	179
36	190
37	156
38	146
39	165
40	140
41	146
42	132
43	115
44	135
45	114
46	127
47	111
48	91
49	124
50	106
51	82
52	126
53	92
54	116
55	97
56	109
57	89
58	88
59	91
60	93
61	77
62	81
63	80
64	96
65	72
66	75
67	69
68	70
69	97
70	62
71	63
72	53
73	61
74	64
75	73
76	64
77	71
78	41
79	64
80	74
81	49
82	50
83	60
84	43
85	54
86	42
87	56
88	49
89	42
90	59
91	39
92	31
93	42
94	53
95	39
96	41
97	38
98	37
99	49
100	42
101	36
102	47
103	46
104	30
105	59
106	38
107	35
108	35
109	32
110	44
111	30
112	31
113	29
114	41
115	27
116	29
117	26
118	22
119	29
120	28
121	25
122	29
123	35
124	28
125	25
126	28
127	32
128	38
129	29
130	21
131	24
132	20
133	30
134	28
135	27
136	33
137	26
138	32
139	19
140	31
141	18
142	19
143	35
144	29
145	17
146	25
147	12
148	25
149	22
150	20
151	17
152	15
153	14
154	25
155	23
156	26
157	19
158	22
159	25
160	22
161	15
162	17
163	21
164	16
165	14
166	26
167	13
168	14
169	19
170	18
171	5
172	19
173	22
174	18
175	17
176	15
177	12
178	18
179	18
180	13
181	24
182	14
183	13
184	15
185	18
186	17
187	18
188	16
189	16
190	18
191	11
192	19
193	9
194	16
195	23
196	15
197	11
198	20
199	12
200	20
201	11
202	9
203	11
204	11
205	10
206	11
207	17
208	12
209	14
210	16
211	11
212	16
213	13
214	10
215	11
216	7
217	11
218	11
219	11
220	9
221	13
222	9
223	9
224	11
225	10
226	20
227	9
228	8
229	6
230	7
231	7
232	11
233	5
234	8
235	9
236	8
237	10
238	7
239	14
240	13
241	16
242	16
243	11
244	9
245	9
246	7
247	12
248	17
249	8
250	11
251	7
252	6
253	7
254	7
255	16
256	9
257	10
258	6
259	6
260	12
261	5
262	9
263	6
264	8
265	8
266	9
267	9
268	8
269	11
270	8
271	6
272	13
273	11
274	13
275	8
276	12
277	10
278	8
279	9
280	1
281	4
282	6
283	3
284	6
285	12
286	5
287	7
288	6
289	9
290	8
291	13
292	7
293	5
294	5
295	12
296	9
297	5
298	5
299	5
300	7
301	7
302	7
303	6
304	11
305	5
306	10
307	8
308	9
309	8
310	8
311	7
312	4
313	5
314	5
315	3
316	9
317	6
318	8
319	5
320	11
321	4
322	11
323	5
324	2
325	4
326	5
327	11
328	6
329	11
330	7
331	9
332	5
333	8
334	7
335	3
336	5
337	5
338	4
339	2
340	2
341	11
342	6
343	6
344	3
345	8
346	2
347	4
348	5
349	6
350	5
351	3
352	4
353	6
354	5
355	6
356	5
357	4
358	9
359	6
360	7
361	13
362	7
363	7
364	5
365	4
366	4
367	1
368	3
369	1
370	8
371	4
372	6
373	3
374	3
375	8
376	4
377	1
378	5
379	5
380	4
381	7
382	3
383	10
384	2
385	6
386	1
387	4
388	5
389	5
390	1
391	5
392	7
393	11
394	3
395	6
396	9
397	2
398	5
399	4
400	2
401	2
402	4
403	3
404	2
405	1
406	5
407	5
408	6
409	7
410	5
411	1
412	2
413	3
414	3
415	8
416	9
417	4
418	4
419	2
420	4
421	7
422	3
423	6
424	4
425	7
426	6
427	1
428	4
429	3
430	3
431	4
432	4
433	5
434	3
435	5
436	4
437	7
438	6
439	2
440	5
441	4
442	5
443	4
444	6
445	2
446	3
447	3
449	2
450	3
451	4
452	4
453	2
454	4
455	6
456	6
457	6
458	5
459	2
460	4
461	3
462	9
463	2
464	3
465	3
466	1
467	1
468	7
469	3
470	4
471	2
472	4
473	5
474	2
476	4
477	4
478	7
480	2
481	6
482	2
483	2
484	2
485	3
486	4
487	5
488	4
489	4
490	2
491	1
492	4
493	3
494	1
495	3
496	3
497	5
498	1
499	4
500	8
501	6
502	6
503	3
504	1
505	4
506	3
507	8
508	2
509	5
510	2
511	2
512	2
513	3
514	2
515	2
516	1
517	3
518	3
519	3
520	2
521	2
522	5
523	5
524	5
525	1
526	2
527	4
529	4
530	2
531	3
532	3
533	5
534	4
535	1
536	3
537	2
538	3
539	3
540	5
541	3
542	4
543	6
545	1
546	3
547	1
548	3
549	4
550	2
551	3
552	3
553	3
554	1
555	3
556	5
558	5
559	1
560	3
561	1
563	2
564	4
565	1
566	2
567	3
568	2
569	1
571	2
575	4
576	3
577	2
578	1
579	3
580	4
581	3
582	4
583	1
584	3
585	2
586	1
587	3
588	4
589	6
590	2
591	4
592	2
593	4
594	2
595	3
596	3
597	4
598	2
599	1
600	6
601	3
603	1
604	2
605	7
606	1
607	2
608	3
609	4
610	4
611	1
612	2
613	1
614	2
615	3
616	2
617	1
618	4
619	4
620	1
621	1
622	4
623	3
624	1
625	2
626	1
629	1
630	5
631	3
632	1
633	3
634	3
635	3
636	3
637	2
638	3
640	2
641	2
642	2
643	3
644	4
645	5
646	3
647	3
648	3
649	2
650	5
651	1
653	1
654	2
655	2
658	4
659	2
660	1
661	6
662	3
663	1
664	4
665	1
666	3
667	1
668	2
670	1
671	2
672	2
673	1
674	2
675	3
677	2
678	1
679	3
680	1
681	2
682	2
683	1
684	1
685	3
686	2
687	4
688	1
689	2
690	4
691	1
692	2
693	3
694	2
695	3
696	4
698	1
699	3
700	1
701	3
702	4
703	2
705	1
706	3
707	2
708	1
709	3
711	3
712	2
713	4
714	2
715	2
716	1
717	3
718	1
719	2
720	1
721	2
722	1
723	1
724	4
726	1
727	4
728	1
729	2
732	1
733	3
735	1
736	2
737	4
738	1
739	2
740	1
741	1
742	3
743	1
745	4
746	1
748	2
749	3
750	2
751	2
752	1
753	2
754	3
755	3
756	1
757	3
758	2
760	2
761	4
763	2
766	4
767	2
768	3
769	3
770	5
771	2
772	5
773	1
774	3
775	4
776	1
779	1
781	2
782	2
783	1
785	2
786	1
787	3
788	1
789	1
790	1
792	2
794	1
795	5
796	1
797	2
798	1
799	2
800	3
801	1
802	4
803	1
804	3
805	1
806	1
807	2
808	2
810	1
811	3
813	6
814	1
815	1
816	2
817	3
818	1
819	1
821	1
822	2
824	1
825	4
826	3
829	3
830	1
832	1
833	2
834	1
835	2
836	1
837	2
838	1
840	2
841	1
842	4
843	2
844	2
845	1
846	1
847	1
848	1
849	1
850	2
852	2
854	3
855	2
856	4
858	2
859	1
860	3
861	1
862	1
863	1
864	1
865	1
866	2
868	1
869	1
870	4
871	4
872	1
874	2
876	2
877	1
879	1
880	1
881	3
882	2
883	3
884	1
886	1
887	2
888	2
889	4
890	4
891	2
893	3
894	2
895	1
896	1
900	1
901	1
902	1
903	1
906	2
908	4
909	3
913	1
915	2
916	1
917	3
918	3
920	1
921	2
923	2
924	3
925	1
927	2
928	4
929	1
930	4
931	3
932	2
933	2
934	3
935	2
937	1
939	1
940	2
941	2
942	1
943	1
944	2
945	2
946	2
948	3
952	1
954	1
955	2
956	1
957	3
958	2
959	1
960	1
961	3
962	1
963	2
964	3
969	1
971	1
973	2
974	1
977	1
978	2
980	1
982	1
983	1
985	1
986	1
987	2
988	2
990	1
991	1
992	1
993	1
996	2
997	2
999	3
1000	1
1002	2
1003	2
1005	1
1006	3
1009	1
1010	3
1011	1
1012	1
1013	1
1014	1
1016	3
1017	1
1020	1
1024	2
1025	2
1027	1
1030	1
1032	1
1033	2
1034	1
1040	2
1041	2
1042	2
1045	3
1047	1
1048	1
1049	1
1050	1
1052	1
1054	1
1055	2
1056	1
1057	1
1058	2
1061	1
1062	1
1063	1
1065	1
1067	1
1070	2
1071	1
1073	2
1075	5
1076	1
1080	1
1081	1
1082	1
1083	2
1084	1
1085	1
1086	1
1089	1
1093	1
1094	1
1096	1
1100	2
1102	1
1104	2
1105	1
1106	3
1107	2
1109	1
1110	1
1112	3
1115	4
1116	1
1119	1
1121	3
1123	1
1125	1
1126	1
1127	2
1130	1
1131	2
1134	1
1136	1
1137	2
1138	2
1139	2
1142	2
1143	1
1144	1
1145	1
1146	1
1150	1
1152	1
1154	1
1157	1
1158	1
1162	1
1170	2
1172	1
1175	3
1176	1
1177	2
1178	2
1181	2
1182	3
1183	2
1185	1
1188	1
1189	1
1191	1
1194	1
1199	1
1201	1
1202	2
1204	2
1208	1
1210	1
1211	2
1212	2
1213	1
1215	1
1216	1
1217	1
1219	2
1222	1
1223	1
1224	2
1226	2
1227	1
1229	2
1231	1
1235	1
1237	3
1238	1
1240	1
1241	1
1244	2
1248	1
1249	1
1252	1
1257	1
1258	1
1259	1
1260	1
1261	1
1262	2
1263	1
1265	1
1266	1
1267	1
1268	1
1269	2
1270	2
1272	1
1273	1
1274	1
1275	1
1276	2
1280	1
1285	1
1286	1
1287	1
1288	1
1289	1
1290	2
1292	3
1295	2
1301	1
1304	2
1309	2
1313	1
1314	1
1315	1
1318	1
1323	1
1326	1
1328	1
1330	1
1332	1
1333	2
1334	1
1335	1
1336	1
1337	1
1340	1
1344	1
1346	2
1348	1
1351	2
1356	1
1358	2
1359	1
1362	1
1367	2
1368	1
1370	2
1371	1
1375	1
1376	1
1378	1
1379	2
1380	1
1386	1
1391	2
1394	1
1396	1
1401	1
1402	1
1403	1
1404	2
1406	1
1407	1
1409	1
1410	1
1416	2
1417	1
1418	2
1420	1
1422	3
1424	1
1432	2
1433	1
1438	1
1440	1
1441	1
1446	1
1447	1
1448	2
1449	1
1450	2
1452	3
1454	1
1456	1
1458	1
1459	2
1463	1
1466	1
1470	1
1471	1
1476	1
1479	1
1480	4
1482	1
1484	1
1485	1
1486	2
1487	1
1488	1
1490	1
1491	1
1494	1
1496	1
1498	1
1502	2
1507	1
1510	1
1512	1
1513	2
1520	1
1523	1
1526	1
1528	1
1531	1
1532	1
1533	1
1534	1
1538	1
1540	1
1542	1
1543	1
1545	2
1548	2
1555	1
1566	1
1567	1
1568	1
1572	1
1573	2
1577	1
1582	1
1584	1
1585	1
1588	1
1591	1
1592	1
1600	1
1601	1
1603	1
1604	1
1605	1
1607	1
1610	1
1611	1
1613	1
1615	1
1617	1
1630	2
1631	1
1632	1
1633	1
1635	1
1649	2
1650	1
1651	1
1655	1
1661	1
1665	1
1674	1
1677	1
1680	1
1684	2
1688	1
1698	1
1699	1
1700	1
1705	1
1710	2
1712	1
1714	1
1719	1
1722	1
1726	1
1732	1
1745	1
1750	1
1751	1
1752	1
1753	1
1761	1
1762	2
1766	1
1768	1
1769	1
1771	1
1772	1
1774	1
1781	1
1782	1
1791	1
1795	1
1796	3
1799	2
1805	1
1806	3
1807	1
1811	1
1813	1
1814	1
1819	1
1827	1
1831	1
1832	1
1837	1
1838	1
1842	3
1859	1
1861	1
1865	1
1866	1
1867	1
1870	1
1874	1
1879	1
1883	1
1884	1
1885	1
1887	1
1889	1
1890	2
1892	1
1897	1
1898	1
1901	1
1903	2
1906	1
1912	1
1913	1
1915	1
1926	2
1927	1
1930	1
1947	1
1948	1
1949	3
1950	1
1952	1
1957	1
1959	1
1960	1
1964	2
1967	1
1970	2
1972	1
1974	1
1975	1
1977	1
1978	1
1979	1
1980	1
1987	1
2002	1
2004	1
2009	1
2011	2
2013	2
2018	1
2023	1
2024	1
2025	1
2030	1
2034	1
2043	1
2054	1
2058	1
2062	2
2070	2
2077	1
2078	1
2084	1
2087	1
2090	1
2093	1
2094	1
2095	1
2098	1
2115	1
2119	1
2122	1
2123	1
2124	1
2126	1
2129	1
2130	1
2149	1
2157	1
2158	2
2160	1
2162	1
2163	1
2170	1
2179	2
2188	1
2190	1
2194	1
2196	1
2197	1
2211	1
2222	1
2231	2
2236	1
2242	1
2246	1
2250	1
2252	1
2260	2
2267	2
2272	1
2277	1
2291	1
2305	1
2309	1
2313	1
2319	1
2324	1
2325	1
2332	1
2335	1
2344	1
2348	1
2351	1
2365	2
2370	1
2385	1
2399	1
2404	1
2405	1
2408	1
2412	1
2421	1
2423	1
2431	1
2441	1
2446	1
2450	2
2455	1
2463	1
2466	1
2468	1
2473	1
2495	1
2497	1
2499	1
2517	1
2524	1
2531	1
2536	1
2542	1
2543	1
2563	1
2567	1
2569	2
2574	1
2590	1
2604	1
2608	1
2615	1
2618	1
2625	1
2647	2
2651	1
2652	1
2676	1
2679	1
2681	1
2685	1
2690	1
2691	1
2692	1
2705	1
2724	1
2737	1
2738	3
2746	1
2766	1
2795	1
2801	1
2804	1
2813	1
2820	1
2822	1
2824	1
2825	1
2839	1
2853	1
2858	1
2860	1
2863	1
2869	1
2874	1
2882	1
2888	1
2893	1
2904	1
2911	1
2930	1
2947	1
2951	1
2982	1
3017	1
3026	1
3029	1
3030	1
3040	1
3045	1
3046	1
3047	1
3061	1
3063	2
3068	1
3082	1
3111	1
3118	1
3128	1
3133	1
3134	1
3139	1
3159	1
3160	1
3172	1
3178	1
3195	1
3212	2
3218	1
3232	1
3236	1
3239	1
3255	1
3268	1
3271	1
3289	2
3290	1
3310	1
3333	1
3347	1
3362	1
3392	1
3413	1
3423	1
3432	1
3434	2
3436	2
3445	1
3470	1
3476	1
3482	1
3505	1
3515	2
3537	1
3562	1
3577	1
3588	1
3591	1
3606	1
3615	1
3627	1
3659	2
3667	1
3681	1
3743	1
3770	1
3796	1
3802	1
3814	1
3816	1
3822	1
3830	1
3908	1
3925	1
3940	1
3951	1
3957	1
3963	1
3976	1
3986	1
3992	1
3994	1
4072	1
4081	1
4083	1
4101	1
4113	1
4128	1
4140	1
4148	1
4149	1
4150	2
4151	1
4155	1
4166	1
4182	1
4200	1
4207	1
4224	1
4226	1
4230	1
4234	1
4260	1
4273	1
4278	1
4291	1
4312	1
4316	1
4337	1
4340	1
4364	1
4365	1
4376	1
4382	1
4398	1
4440	1
4445	1
4468	1
4473	1
4499	1
4544	1
4562	1
4565	1
4571	1
4580	1
4610	1
4616	1
4657	1
4670	1
4697	1
4737	1
4746	1
4800	1
4815	1
4816	1
4833	1
4834	1
4840	1
4842	1
4856	1
4897	1
4952	1
4998	1
5050	1
5077	1
5085	1
5098	1
5149	1
5197	2
5203	1
5220	1
5241	1
5244	1
5325	1
5346	1
5356	1
5380	1
5391	1
5430	1
5449	1
5495	1
5502	1
5509	1
5533	1
5538	1
5558	1
5569	1
5577	2
5586	1
5589	1
5590	1
5620	1
5667	1
5697	1
5711	1
5723	1
5730	1
5753	1
5810	1
5827	1
5843	1
5866	1
5929	1
5941	1
5942	1
5945	1
5947	1
5978	2
5980	1
5981	1
5996	1
6013	1
6015	1
6019	1
6020	1
6124	1
6143	1
6149	1
6161	1
6258	1
6284	1
6369	1
6376	1
6395	1
6405	1
6425	1
6441	1
6443	1
6482	1
6607	1
6613	1
6718	1
6732	1
6762	1
6780	1
6836	1
6879	1
6909	1
6969	1
6987	1
7015	1
7136	1
7289	1
7374	2
7391	1
7438	1
7538	1
7645	1
7665	1
7723	1
7954	1
8011	1
8031	1
8039	1
8140	1
8195	1
8270	1
8344	1
8462	1
8532	1
8575	1
8603	1
8669	1
8736	1
9131	1
9218	1
9280	1
9305	1
9357	1
9434	1
9472	1
9496	1
9510	1
9598	1
9610	1
9663	1
10108	1
10227	1
10238	1
10310	1
10358	1
10377	1
10397	1
10431	1
10467	1
10507	1
10663	1
10742	1
10746	1
11074	1
11259	1
11324	1
11413	1
11446	1
11645	1
11649	1
11818	1
12303	1
12323	1
12675	1
13068	1
13230	1
13316	1
13474	1
13693	1
13779	1
14165	1
14322	1
14394	1
14430	1
15013	1
15331	1
15466	1
16580	1
16664	1
17020	1
17156	1
17170	1
17249	1
17341	1
17428	1
17490	1
17587	1
17743	1
18623	1
18643	1
18886	1
19140	1
19147	1
19242	1
20037	1
20231	1
20329	1
20745	1
20790	1
21163	1
21242	1
21539	1
21540	1
21652	1
22383	1
22407	1
22718	1
23660	1
25038	1
25184	1
25256	1
25653	1
26182	1
28566	1
28720	1
29098	1
31377	1
32334	1
32606	1
33225	1
33943	1
35144	1
35307	1
35521	1
37370	1
41682	1
43092	1
43550	1
44449	1
44847	1
45055	1
45832	1
48559	1
49318	1
52327	1
58639	1
59778	1
64124	1
64941	1
65350	1
69557	1
70941	1
73968	1
85004	1
89742	1
92608	1
92613	1
96273	1
99128	1
105171	1
121737	1
141437	1
163230	1
176499	1
198149	1
226773	1
317917	1
360898	1
409969	1
432146	1
661255	1
